01101111
01100101
0
01110000
01110101
0
01101111
01101111
1
01101001
00100000
0
01110100
00100000
0
01110011
01100011
0
01110101
00100000
0
01110000
01110011
0
01101110
00100000
0
01110100
00100000
1
00100000
01101111
1
01110101
01101101
1
01100101
01110000
0
01101001
01100011
1
01100100
01101110
1
01110100
01101100
0
01110010
00100000
0
01100100
01101100
0
00100000
01100001
0
00100000
01101100
0
01100001
00100000
0
01100101
01101001
0
01100100
01101101
1
01101101
01110110
1
01100001
00101100
1
01110011
01101110
1
01110010
01100100
1
01100101
01100011
0
01110100
01101111
0
01101100
01100001
1
00100000
01100001
1
01101001
00100000
1
01101001
01110101
1
01101100
01110001
1
00100000
01111000
1
00100000
01101111
0
01100100
01100011
1
01100101
01110101
1
00100000
01110101
1
01100001
01110100
1
01110010
01110010
1
01101111
01101111
1
01101110
01110010
1
01100101
01100101
0
01110010
01110100
1
00100000
01101111
1
01110100
01110100
1
01100101
01101001
1
01110011
01100101
0
01101100
01101101
0
01101100
01110010
1
01110101
01100110
0
01100001
00100000
0
01101100
00100000
0
01101001
01110100
1
00100000
01111000
0
01110100
01110101
1
01101001
01110100
1
01100011
01100101
1
00100000
01110101
1
01100001
01100001
1
01101111
01110000
0
01100100
01101110
1
01110011
01101110
1
01101110
01100011
1
01100001
01110001
1
01101111
01100110
0
01100001
01100100
1
01110010
01101110
1
01101111
01101100
0
01100001
01101001
0
01100100
01100101
1
01101100
01100010
0
01101101
01110100
01100101
01100110
01101111
