01110010
00100000
01110011
00100000
01101100
00100000
01110100
01101101
00101100
01101111
01100101
01100101
01110010
01100100
01101001
01100011
01100111
01101100
00101100
01100101
01100100
01100101
01110011
01100100
01101101
01110010
01101110
01100100
01110101
00100000
00100000
01100010
01100101
01110100
01101111
01110010
01101101
01101110
01100001
01110001
00101110
01110100
01101110
00100000
00100000
01101110
00100000
01101110
01101101
01110101
00100000
01110011
01110101
01100101
01110010
01110100
01101001
00100000
01101100
01100011
01101100
01101111
01110011
01101001
00100000
00100000
01101001
01101001
01100101
01100101
01100011
01101101
01101111
01101110
01110001
01110100
01000100
01110011
01110101
00100000
01110101
00100000
01101100
00100000
00100000
01110000
01101000
01100100
01101001
01101001
01110110
01110101
01100001
00100000
01101100
00100000
01110011
01101001
01110101
01100100
01101111
00100000
00100000
01100111
01110100
01110101
01100001
01100001
01100001
01110010
01000101
01100101
01100101
00100000
01101110
01101111
01100001
01100001
01100011
01101001
01110100
00100000
01101110
01101111
01100101
00101100
01110101
00100000
00100000
01101100
00100000
01101001
01100110
01100011
00100000
01110011
01110101
00100000
01101100
01110100
01101110
00100000
00100000
01110100
01100001
01110010
00101110
01110010
00100000
01110011
00100000
01101100
00100000
01110100
01101101
00101100
01101111
01100101
01100101
01110010
01100100
01101001
01100011
01100111
01101100
00101100
01100101
01100100
01100101
01110011
01100100
01101101
01110010
01101110
01100100
01110101
00100000
00100000
01100010
01100101
01110100
01101111
01110010
01101101
01101110
01100001
01110001
00101110
01110100
01101110
00100000
00100000
01101110
00100000
01101110
01101101
01110101
00100000
01110011
01110101
01100101
01110010
01110100
01101001
00100000
01101100
01100011
01101100
01101111
01110011
01101001
00100000
00100000
01101001
01101001
01100101
01100101
01100011
01101101
01101111
01101110
01110001
01110100
01000100
01110011
01110101
00100000
01110101
00100000
01101100
00100000
00100000
01110000
01101000
01100100
01101001
01101001
01110110
01110101
01100001
00100000
01101100
00100000
01110011
01101001
01110101
01100100
01101111
00100000
00100000
01100111
01110100
01110101
01100001
01100001
01100001
01110010
01000101
01100101
01100101
00100000
01101110
01101111
01100001
01100001
01100011
01101001
01110100
00100000
01101110
01101111
01100101
00101100
01110101
00100000
00100000
01101100
00100000
01101001
01100110
01100011
00100000
01110011
01110101
00100000
01101100
01110100
01101110
00100000
00100000
01110100
01100001
01110010
00101110
01110010
00100000
01110011
00100000
01101100
00100000
01110100
01101101
00101100
01101111
01100101
01100101
01110010
01100100
01101001
01100011
01100111
01101100
00101100
01100101
01100100
01100101
01110011
01100100
01101101
01110010
01101110
01100100
01110101
00100000
00100000
01100010
01100101
01110100
01101111
01110010
01101101
01101110
01100001
01110001
00101110
01110100
01101110
00100000
00100000
01101110
00100000
01101110
01101101
01110101
00100000
01110011
01110101
01100101
01110010
01110100
01101001
00100000
01101100
01100011
01101100
01101111
01110011
01101001
00100000
00100000
01101001
01101001
01100101
01100101
01100011
01101101
01101111
01101110
01110001
01110100
01000100
01110011
01110101
00100000
01110101
00100000
01101100
00100000
00100000
01110000
01101000
01100100
01101001
01101001
01110110
01110101
01100001
00100000
01101100
00100000
01110011
01101001
01110101
01100100
01101111
00100000
00100000
01100111
01110100
01110101
01100001
01100001
01100001
01110010
01000101
01100101
01100101
00100000
01101110
01101111
01100001
01100001
01100011
01101001
01110100
00100000
01101110
01101111
01100101
00101100
01110101
00100000
00100000
01101100
00100000
01101001
01100110
01100011
00100000
01110011
01110101
00100000
01101100
01110100
01101110
00100000
00100000
01110100
01100001
01110010
00101110
