01001100
0
00100000
01101001
0
00100000
01100100
0
00100000
01110011
1
01101101
01100101
0
01101111
01101110
0
01100101
01110100
1
01100100
01101001
1
01100011
01101001
0
01101100
01101001
0
01100101
01100100
1
01100101
01101001
0
01100100
01110100
0
01110010
00100000
1
01100100
01101001
0
00100000
01110101
1
01100010
01101111
1
01110100
00100000
0
01110010
01100101
0
01101110
01100001
1
01110001
01110101
1
01110100
00100000
1
00100000
01100001
0
01101110
01101001
0
01101110
01101001
0
01110101
01101001
0
01110011
01110100
0
01100101
01111000
0
01110100
01100001
0
00100000
01110101
1
01100011
01101111
1
01101111
01110010
0
01101001
01110011
0
00100000
01100001
0
01101001
01110000
0
01100101
01100001
0
01101101
01101111
0
01101110
01110011
1
01110100
00101110
1
01110011
00100000
1
00100000
01101001
1
00100000
01100100
0
00100000
01101001
1
01110000
01110010
1
01100100
01100101
0
01101001
01101110
1
01110101
01110000
1
00100000
01110110
0
00100000
01100101
1
01101001
01101100
0
01100100
01101111
0
00100000
01100101
1
01100111
01101001
1
01110101
01101100
0
01100001
01110010
1
01110010
00101110
1
01100101
01110000
1
00100000
01110011
1
01101111
01100011
1
01100001
01110100
1
01101001
01100100
1
00100000
01101110
0
01101111
01101001
1
00101100
00100000
0
00100000
01101001
1
01101100
01110000
1
01101001
00100000
0
01100011
01101001
0
01110011
01100101
0
00100000
01101101
0
01110100
00100000
1
00100000
01101001
1
01110100
00100000
0
01110010
01110101
0
01101100
0
01101110
