1
01110010
01101101
1
01110011
01101101
1
01101100
01110010
1
01110100
01100001
0
00101100
01100011
0
01100101
01110100
1
01110010
01100001
1
01101001
01101001
1
01100111
01100101
0
00101100
01110011
0
01100100
00100000
1
01110011
01101111
0
01101101
01101111
1
01101110
01101001
1
01110101
01110100
1
00100000
01100001
0
01100101
01100101
0
01101111
01101111
1
01101101
01100111
0
01100001
01101001
0
00101110
01010101
1
01101110
01101101
0
00100000
01101001
1
00100000
01100101
1
01101101
01110001
1
00100000
01101111
0
01110101
00100000
0
01110010
01101001
1
01101001
01101110
1
01101100
01101101
1
01101100
01100010
0
01110011
01101110
1
00100000
01110100
1
01101001
01110101
0
01100101
00100000
0
01100011
01101101
1
01101111
01101111
1
01110001
01100001
1
01000100
01101001
0
01110101
01100101
0
01110101
01100101
1
01101100
01110010
1
00100000
01100101
0
01101000
01101110
0
01101001
00100000
0
01110110
01101100
1
01100001
01100101
1
01101100
01110100
1
01110011
01100011
0
01110101
00100000
0
01101111
01100101
1
00100000
01110101
1
01110100
01101110
0
01100001
01110000
0
01100001
01110101
1
01000101
01100011
1
01100101
01110010
1
01101110
00100000
0
01100001
01100011
1
01100011
01110000
0
01110100
01110100
1
01101110
01110010
1
01100101
01110100
0
01110101
01110100
1
00100000
01110101
0
00100000
01110101
1
01100110
01101001
1
00100000
01100101
0
01110101
01110100
1
01101100
01101001
0
01101110
01101101
1
00100000
01110011
1
01100001
01101111
0
00101110
0
01100101
0
01101111
