1
01101111
0
00100000
0
1
01101101
1
01101100
1
1
01101001
1
01101101
1
1
01100011
0
01100101
0
1
01110101
1
01100100
1
1
01101001
0
01100111
1
1
01110100
0
01100101
1
1
00100000
0
01110011
0
1
01100101
1
01110010
0
1
01101001
0
01110101
0
0
01110100
0
01100010
0
1
01100101
0
01101111
0
0
00100000
1
01101110
1
0
01101001
0
00101110
1
0
01100101
0
00100000
1
0
01101001
0
00100000
0
0
01100001
0
01110101
0
0
01101111
1
01110101
0
0
01100101
0
01110100
1
0
01101110
1
01101100
0
1
00100000
0
01101111
1
0
01101110
0
00100000
0
1
01101100
1
01101001
0
1
00100000
0
01100011
0
1
01100100
1
01101110
1
0
01100001
1
01000100
0
1
01100001
1
00100000
1
1
01100101
1
01101100
1
0
01101110
1
01110000
1
0
01101110
0
01101001
1
1
00100000
1
01110101
0
1
01100101
1
01101100
1
0
01110011
0
01101001
1
1
00100000
0
01101111
1
0
01110101
0
01100111
1
1
01101110
1
01100001
1
1
01101001
1
01110010
0
0
01100011
1
01100101
0
0
01101001
1
01101111
1
1
01100011
1
01100011
0
0
01100001
0
00100000
0
1
01110010
1
01100101
0
1
01110011
0
00100000
0
1
01110101
1
00100000
1
1
01101111
0
01100011
0
0
01100101
1
01110101
0
1
01101111
0
01110100
1
0
01101101
0
00100000
1
0
01101100
1
01110010
0
